-5.45105e-06 1.46238 1.46238 
7.43744e-06 1.81429 1.81428 
4.34718e-06 1.79577 1.79576 
-9.6908e-06 0.503815 0.503824 
1.02278e-05 1.79919 1.79918 
-1.33807e-06 1.63756 1.63756 
4.59118e-06 1.72306 1.72305 
6.95164e-06 2.11887 2.11886 
-7.31213e-06 1.86707 1.86708 
-9.49009e-06 1.36869 1.3687 
-1.79151e-06 1.21184 1.21184 
2.65845e-06 1.1144 1.11439 
1.00389e-05 1.768 1.76799 
6.36382e-06 1.82034 1.82034 
-6.2007e-06 1.82341 1.82342 
6.5754e-06 1.61502 1.61501 
7.70762e-06 1.51619 1.51618 
-1.76834e-05 2.11806 2.11808 
-5.34868e-06 1.8663 1.86631 
-1.154e-05 2.01443 2.01444 
-1.10675e-05 1.15653 1.15654 
2.06542e-06 1.83861 1.83861 
3.95328e-06 1.62152 1.62151 
3.56716e-06 1.18804 1.18803 
-6.97074e-06 2.19719 2.1972 
-5.90307e-06 1.35637 1.35638 
1.30281e-05 2.05528 2.05526 
-1.76627e-06 1.9119 1.9119 
1.81503e-07 0.945131 0.945131 
9.82811e-06 1.13711 1.1371 
-5.89859e-06 1.89254 1.89255 
-2.63476e-05 1.94119 1.94122 
-1.0828e-05 1.91544 1.91545 
-4.31234e-06 1.73271 1.73271 
-3.05038e-06 1.01369 1.01369 
-6.27475e-06 1.9783 1.97831 
-1.2008e-05 0.756257 0.756269 
-7.34121e-07 1.81703 1.81703 
2.44649e-06 2.06723 2.06722 
2.89771e-06 0.433823 0.433821 
-9.13249e-07 1.6389 1.6389 
3.68923e-06 1.59633 1.59632 
-7.21685e-06 2.19506 2.19506 
1.24858e-05 1.95423 1.95421 
-1.10658e-06 1.79625 1.79625 
5.09598e-06 1.45912 1.45911 
4.81593e-06 1.97263 1.97262 
5.26191e-06 1.64716 1.64715 
-2.16682e-05 1.50055 1.50057 
-1.5738e-06 1.73298 1.73298 
-7.98276e-07 0.724962 0.724963 
1.20464e-06 1.04786 1.04786 
-8.49519e-06 2.15256 2.15257 
-2.26941e-06 2.03677 2.03677 
-3.30589e-06 1.99691 1.99691 
1.34833e-05 1.80643 1.80642 
1.07745e-05 1.16163 1.16162 
1.33902e-05 1.96502 1.965 
-1.07618e-06 1.9299 1.9299 
-2.42701e-06 1.51307 1.51307 
1.33938e-05 2.05698 2.05697 
-1.13188e-05 2.23584 2.23586 
7.99392e-06 1.50444 1.50444 
-7.48575e-06 1.50747 1.50748 
-2.0171e-07 1.49619 1.49619 
-7.07982e-06 1.67831 1.67832 
3.81843e-06 2.17666 2.17666 
-1.25705e-05 1.59754 1.59756 
-1.2647e-05 1.45378 1.45379 
-5.31167e-06 1.54242 1.54242 
1.68164e-07 1.61875 1.61875 
7.72656e-06 1.33535 1.33534 
1.01388e-06 1.18318 1.18318 
-5.48427e-06 1.04223 1.04223 
1.23573e-06 1.47404 1.47404 
-8.25533e-08 1.09802 1.09802 
-1.79806e-06 1.62675 1.62675 
2.55697e-06 2.21543 2.21542 
-1.93001e-06 0.784399 0.784401 
-1.03109e-05 1.41464 1.41465 
-2.62793e-06 1.98597 1.98598 
2.53563e-06 1.90377 1.90377 
-1.02769e-05 1.89869 1.8987 
1.6757e-05 1.27379 1.27377 
3.16091e-06 1.815 1.815 
-1.07761e-05 1.53398 1.53399 
-2.11674e-06 1.79358 1.79358 
-8.98444e-06 2.1425 2.14251 
-5.69587e-07 1.63615 1.63615 
-5.31783e-06 1.81994 1.81995 
-1.44049e-06 1.3169 1.3169 
-4.94535e-06 1.40137 1.40137 
-6.98836e-06 1.10484 1.10485 
-6.26635e-07 1.95387 1.95387 
2.77038e-06 1.70751 1.70751 
-6.14201e-07 2.04072 2.04072 
-7.78718e-06 0.832542 0.83255 
-2.4375e-06 1.83735 1.83736 
-7.34375e-06 1.86632 1.86633 
-2.77593e-06 1.90916 1.90916 
1.18322e-05 2.06954 2.06953 
-3.29273e-06 2.21142 2.21143 
-3.20333e-06 1.65197 1.65197 
-1.3479e-06 1.39368 1.39368 
1.05547e-05 1.82254 1.82253 
-1.00029e-05 1.08262 1.08263 
-1.25713e-05 1.76064 1.76065 
-4.31595e-06 1.01114 1.01114 
-5.324e-06 1.49923 1.49923 
1.50643e-06 1.58413 1.58413 
7.16592e-06 1.83119 1.83119 
-4.48604e-06 1.79786 1.79786 
4.37015e-06 1.80884 1.80884 
8.99435e-06 1.95046 1.95045 
-1.64228e-05 1.98287 1.98289 
-1.52161e-06 1.20177 1.20177 
1.75416e-06 1.85586 1.85585 
-9.08656e-06 1.89804 1.89804 
3.65559e-06 1.88149 1.88148 
1.32439e-05 1.4444 1.44439 
5.53667e-06 1.59233 1.59233 
1.07799e-05 1.62846 1.62845 
-1.33351e-05 1.7897 1.78971 
-1.54309e-05 1.73394 1.73396 
-7.04965e-06 2.09834 2.09835 
-1.95587e-05 1.205 1.20502 
5.54588e-07 1.6705 1.6705 
-6.2e-06 1.71845 1.71845 
7.57695e-06 1.11262 1.11261 
1.48441e-05 2.20721 2.20719 
-7.06524e-07 2.19485 2.19486 
6.56281e-06 1.45041 1.45041 
4.02243e-06 2.00237 2.00236 
-1.6986e-06 1.85494 1.85494 
-1.98092e-06 1.91952 1.91952 
-4.91707e-06 2.00375 2.00376 
1.2211e-05 1.64984 1.64983 
1.15178e-05 2.1855 2.18549 
-9.00422e-06 1.77499 1.77499 
2.06966e-05 1.4889 1.48888 
-5.5361e-06 2.18744 2.18744 
4.26615e-06 1.61908 1.61908 
-1.19769e-05 2.06638 2.06639 
3.23489e-07 1.79314 1.79314 
1.12635e-05 1.47865 1.47864 
2.09223e-06 2.2065 2.2065 
-1.34749e-05 1.9019 1.90191 
-4.63011e-06 2.00151 2.00152 
3.74701e-06 1.97358 1.97358 
6.98848e-06 0.801877 0.80187 
-2.50929e-06 1.81182 1.81182 
-6.9641e-06 0.746272 0.746279 
1.59701e-05 2.21643 2.21642 
-5.86312e-07 1.40798 1.40798 
1.32491e-06 1.83714 1.83714 
7.9301e-06 1.04246 1.04246 
-3.4077e-06 1.81737 1.81737 
1.52761e-06 2.21984 2.21984 
-6.98258e-06 1.65371 1.65372 
-4.99035e-06 2.1917 2.1917 
1.01973e-06 1.83548 1.83547 
-3.30935e-06 2.11688 2.11688 
9.65289e-06 1.72223 1.72222 
-9.13069e-07 1.50021 1.50021 
1.5723e-05 2.19313 2.19311 
-6.01547e-06 2.16975 2.16975 
9.91341e-06 1.54761 1.5476 
-2.5257e-05 1.08048 1.0805 
1.73418e-06 2.05899 2.05899 
9.37319e-06 1.78501 1.785 
2.78859e-07 2.22934 2.22934 
2.12448e-06 0.994289 0.994287 
-6.83857e-06 1.6892 1.6892 
2.97597e-06 1.98856 1.98856 
-4.94505e-06 1.4881 1.4881 
1.59502e-05 1.95245 1.95244 
9.34462e-07 1.63492 1.63492 
4.26224e-06 1.23783 1.23783 
-3.30046e-06 2.13003 2.13003 
-4.71088e-06 1.69799 1.69799 
7.71253e-06 1.70813 1.70812 
9.17639e-06 2.13665 2.13664 
2.15562e-06 2.02182 2.02181 
6.45149e-06 2.23103 2.23102 
-7.52357e-06 2.11348 2.11349 
4.35974e-06 1.55008 1.55007 
6.0487e-06 2.2296 2.22959 
2.33889e-07 2.19655 2.19655 
-4.07977e-07 1.52406 1.52406 
9.00286e-06 1.95133 1.95132 
-9.05516e-06 1.74048 1.74049 
1.8025e-05 1.41681 1.41679 
5.94076e-06 1.90685 1.90684 
5.71477e-06 0.941761 0.941755 
-1.57665e-06 1.68859 1.68859 
-5.94423e-06 1.53913 1.53914 
-5.01847e-06 2.08578 2.08578 
-6.29997e-06 1.44202 1.44202 
-6.56618e-06 1.71176 1.71177 
4.80557e-06 2.15068 2.15067 
-1.46173e-06 1.70705 1.70705 
-3.35194e-06 1.83517 1.83517 
3.30178e-06 2.09588 2.09588 
-1.58191e-05 1.00248 1.0025 
5.68441e-06 2.21316 2.21316 
6.26148e-06 1.51307 1.51306 
7.16526e-06 1.70504 1.70503 
3.82033e-06 1.49058 1.49058 
-2.62352e-06 0.590331 0.590333 
1.71944e-05 2.03332 2.03331 
1.5082e-05 2.15062 2.1506 
-9.34349e-06 2.1647 2.16471 
-1.07338e-06 1.67658 1.67658 
-5.79187e-06 1.02614 1.02614 
7.825e-06 1.68094 1.68093 
-1.02094e-05 1.32138 1.32139 
-1.23122e-05 1.47574 1.47576 
-2.64905e-06 1.39746 1.39747 
-4.22564e-06 1.63714 1.63715 
-9.12961e-06 1.23161 1.23162 
-1.28265e-05 1.66881 1.66882 
-7.3268e-06 1.39316 1.39317 
5.27232e-06 1.94213 1.94213 
-1.05301e-05 1.27503 1.27504 
8.06866e-06 2.16547 2.16546 
-1.62901e-05 0.821067 0.821083 
-3.43041e-06 2.21219 2.2122 
1.24878e-05 1.55761 1.55759 
-1.57851e-05 2.10409 2.1041 
-3.62233e-06 1.52334 1.52334 
9.30148e-06 2.09589 2.09588 
-8.46758e-06 1.55794 1.55795 
9.18716e-06 1.9799 1.97989 
1.88671e-06 1.49883 1.49883 
-4.91493e-06 1.31842 1.31842 
1.44094e-06 1.04061 1.04061 
-7.43177e-06 1.96868 1.96869 
-3.04795e-06 1.8576 1.85761 
1.57586e-05 2.2337 2.23369 
-1.30805e-05 2.21515 2.21516 
-8.8399e-06 0.649874 0.649883 
-7.74169e-06 1.06331 1.06332 
1.20649e-05 1.35105 1.35104 
1.23886e-05 1.38229 1.38227 
-5.47315e-06 2.00157 2.00158 
-1.15684e-05 2.05309 2.0531 
-7.97796e-06 1.72423 1.72424 
7.74933e-06 2.18981 2.1898 
-4.95544e-06 1.66142 1.66143 
-9.93449e-06 1.76686 1.76687 
-8.72389e-06 2.16319 2.1632 
-1.06269e-05 1.34566 1.34567 
-5.74448e-07 1.11188 1.11188 
-1.50033e-06 0.935493 0.935494 
4.55901e-06 1.90988 1.90987 
2.24464e-06 1.64994 1.64994 
-9.45966e-06 1.37917 1.37918 
5.54044e-06 1.51382 1.51381 
5.91475e-06 2.12739 2.12738 
-5.92949e-06 2.18491 2.18492 
1.09241e-05 1.96556 1.96555 
6.15349e-06 1.68002 1.68001 
-7.51708e-06 1.71907 1.71907 
-4.25022e-06 1.65892 1.65892 
3.11812e-06 2.00157 2.00157 
-4.49722e-06 2.1663 2.16631 
9.72358e-06 1.62219 1.62218 
-3.37465e-06 2.22922 2.22922 
-8.57124e-06 2.12691 2.12692 
-9.49905e-06 2.07297 2.07298 
-3.78572e-06 1.73772 1.73773 
4.12887e-06 0.565794 0.565789 
-1.47872e-05 1.12593 1.12594 
-1.28769e-05 1.25556 1.25557 
8.54004e-06 2.17836 2.17835 
1.00212e-05 1.4597 1.45969 
5.3074e-06 1.9477 1.94769 
-5.04749e-06 1.21809 1.2181 
-3.16781e-06 2.19958 2.19958 
-8.74908e-07 1.73666 1.73666 
6.00201e-08 2.13078 2.13078 
-1.72886e-06 1.20479 1.2048 
9.04009e-07 1.32245 1.32245 
5.32622e-06 1.59373 1.59372 
-8.38033e-06 2.0052 2.00521 
5.72548e-06 1.44231 1.4423 
8.13592e-07 1.77074 1.77074 
1.76105e-05 1.74885 1.74883 
-7.75633e-06 1.92876 1.92876 
1.40667e-06 0.563022 0.563021 
8.40249e-06 2.19747 2.19747 
5.73312e-06 1.66551 1.6655 
9.43097e-06 0.952471 0.952461 
1.48015e-05 1.46865 1.46863 
2.3866e-06 1.83722 1.83721 
-1.88683e-07 2.01197 2.01197 
-7.32023e-06 1.62223 1.62223 
4.4024e-06 1.97206 1.97206 
-1.47122e-06 1.08287 1.08288 
3.31914e-06 1.43449 1.43449 
6.2481e-06 2.2277 2.22769 
-8.38625e-06 2.20022 2.20023 
-6.36287e-08 2.00519 2.00519 
-4.59624e-08 1.7432 1.7432 
1.4447e-05 1.36037 1.36035 
-9.12949e-07 2.00975 2.00975 
4.50771e-06 2.16913 2.16913 
-1.61086e-05 1.77326 1.77328 
2.96053e-06 2.03089 2.03088 
1.63223e-05 2.19896 2.19895 
2.05461e-06 1.60399 1.60399 
-5.63567e-06 1.7466 1.7466 
-8.9548e-06 1.69854 1.69855 
2.13339e-06 2.04111 2.04111 
-2.8834e-07 1.88487 1.88487 
-5.72026e-06 2.22633 2.22634 
-1.15256e-05 2.03851 2.03852 
1.05484e-05 1.20997 1.20996 
2.07929e-06 1.84621 1.84621 
-1.90982e-06 1.8796 1.8796 
-7.4636e-06 1.71586 1.71587 
-7.61909e-06 1.08702 1.08702 
1.91083e-06 1.27452 1.27451 
7.37036e-06 1.95314 1.95313 
5.97878e-06 1.77779 1.77778 
9.59519e-07 1.52688 1.52688 
9.44138e-06 2.22965 2.22964 
1.24907e-05 2.19793 2.19792 
-4.13679e-06 1.81307 1.81308 
6.78913e-06 0.94552 0.945513 
-3.09949e-08 1.76247 1.76247 
-6.05031e-06 0.841549 0.841555 
8.28286e-06 2.11779 2.11778 
-2.42575e-06 1.65096 1.65096 
5.13304e-06 1.86047 1.86047 
-3.5412e-06 0.95618 0.956183 
4.74765e-06 1.43584 1.43583 
-3.33447e-06 2.09609 2.09609 
5.00307e-06 1.90104 1.90104 
-5.08924e-06 1.3813 1.3813 
-3.6858e-06 0.579173 0.579176 
9.0484e-06 1.97731 1.97731 
6.93063e-06 2.09776 2.09775 
-7.2706e-06 1.50591 1.50591 
-3.91031e-06 1.09887 1.09887 
-1.09354e-05 0.67648 0.67649 
1.22575e-05 1.05145 1.05144 
4.12369e-06 0.647418 0.647414 
1.09142e-06 2.2104 2.2104 
6.52883e-06 1.43657 1.43656 
