-2.17309e-05 5.49998 5.5 
6.54866e-05 5.50007 5.5 
3.81146e-05 5.50004 5.5 
2.8465e-05 5.50003 5.5 
0.00012662 5.50013 5.5 
9.04299e-05 5.50009 5.5 
-1.67394e-05 5.49998 5.5 
3.06951e-05 5.50003 5.5 
-4.76267e-05 5.49995 5.5 
7.14656e-05 5.50007 5.5 
-7.29477e-05 5.49993 5.5 
-0.000105712 5.49989 5.5 
-8.39944e-05 5.49992 5.5 
-0.0001441 5.49986 5.5 
-2.56994e-05 5.49997 5.5 
9.53295e-05 5.5001 5.5 
2.12617e-06 5.5 5.5 
-2.80757e-05 5.49997 5.5 
2.06377e-05 5.50002 5.5 
-6.35792e-06 5.49999 5.5 
-5.72801e-06 5.49999 5.5 
-1.71927e-05 5.49998 5.5 
-3.29423e-05 5.49997 5.5 
9.65057e-05 5.5001 5.5 
-2.41573e-05 5.49998 5.5 
-5.83761e-05 5.49994 5.5 
-2.03161e-05 5.49998 5.5 
-7.70286e-05 5.49992 5.5 
-8.38487e-05 5.49992 5.5 
0.000143485 5.50014 5.5 
-3.48292e-05 5.49997 5.5 
-4.0342e-05 5.49996 5.5 
7.06328e-05 5.50007 5.5 
-6.85388e-05 5.49993 5.5 
-1.01434e-05 5.49999 5.5 
2.77472e-05 5.50003 5.5 
-4.00073e-06 5.5 5.5 
0.000106917 5.50011 5.5 
-4.54095e-06 5.5 5.5 
0.000130996 5.50013 5.5 
7.46449e-06 5.50001 5.5 
-7.94335e-06 5.49999 5.5 
7.87498e-05 5.50008 5.5 
2.82349e-05 5.50003 5.5 
4.26636e-05 5.50004 5.5 
5.70209e-05 5.50006 5.5 
-2.00971e-05 5.49998 5.5 
-7.91259e-05 5.49992 5.5 
3.4709e-05 5.50003 5.5 
9.35255e-05 5.50009 5.5 
-3.83756e-05 5.49996 5.5 
-8.55738e-05 5.49991 5.5 
-8.52859e-06 5.49999 5.5 
-2.96275e-05 5.49997 5.5 
-7.23921e-05 5.49993 5.5 
2.34605e-06 5.5 5.5 
0.000123816 5.50012 5.5 
4.18499e-05 5.50004 5.5 
8.6077e-05 5.50009 5.5 
6.4499e-05 5.50006 5.5 
-5.62507e-05 5.49994 5.5 
-1.34828e-05 5.49999 5.5 
1.25019e-07 5.5 5.5 
-7.09358e-05 5.49993 5.5 
-2.78211e-05 5.49997 5.5 
-5.40833e-05 5.49995 5.5 
-0.000104546 5.4999 5.5 
-0.000258684 5.49974 5.5 
-2.25018e-05 5.49998 5.5 
1.5334e-05 5.50002 5.5 
-1.50324e-06 5.5 5.5 
-6.55834e-05 5.49993 5.5 
6.88941e-05 5.50007 5.5 
-3.61849e-05 5.49996 5.5 
-3.48072e-05 5.49997 5.5 
2.05505e-05 5.50002 5.5 
-2.43878e-05 5.49998 5.5 
7.93902e-05 5.50008 5.5 
-8.12557e-05 5.49992 5.5 
0.000120246 5.50012 5.5 
1.32581e-05 5.50001 5.5 
-7.39975e-05 5.49993 5.5 
-1.59811e-05 5.49998 5.5 
0.000100573 5.5001 5.5 
-9.11433e-05 5.49991 5.5 
-3.66046e-06 5.5 5.5 
7.66192e-05 5.50008 5.5 
-9.96286e-05 5.4999 5.5 
-5.08011e-06 5.49999 5.5 
1.46952e-05 5.50001 5.5 
2.35687e-05 5.50002 5.5 
5.68236e-05 5.50006 5.5 
-2.71751e-06 5.5 5.5 
-0.000111694 5.49989 5.5 
-3.64589e-05 5.49996 5.5 
-1.48311e-05 5.49999 5.5 
-3.49484e-05 5.49997 5.5 
4.45171e-05 5.50004 5.5 
-6.74685e-05 5.49993 5.5 
7.39652e-05 5.50007 5.5 
-3.82356e-05 5.49996 5.5 
-2.44096e-05 5.49998 5.5 
4.84659e-05 5.50005 5.5 
-5.73544e-05 5.49994 5.5 
-6.8888e-05 5.49993 5.5 
6.57854e-05 5.50007 5.5 
-7.33592e-05 5.49993 5.5 
5.49612e-06 5.50001 5.5 
-5.88368e-05 5.49994 5.5 
-6.78386e-05 5.49993 5.5 
-5.13298e-05 5.49995 5.5 
-0.000136141 5.49986 5.5 
0.000169851 5.50017 5.5 
5.30039e-05 5.50005 5.5 
7.99064e-05 5.50008 5.5 
-0.000138984 5.49986 5.5 
8.09172e-05 5.50008 5.5 
-2.3818e-05 5.49998 5.5 
6.22765e-05 5.50006 5.5 
4.15321e-05 5.50004 5.5 
0.000128446 5.50013 5.5 
-9.07469e-05 5.49991 5.5 
4.42841e-05 5.50004 5.5 
-5.99855e-05 5.49994 5.5 
7.38849e-05 5.50007 5.5 
-7.85011e-05 5.49992 5.5 
0.000125714 5.50013 5.5 
-3.95533e-05 5.49996 5.5 
-2.07251e-05 5.49998 5.5 
0.000161498 5.50016 5.5 
0.000111531 5.50011 5.5 
-5.17743e-05 5.49995 5.5 
-4.38417e-05 5.49996 5.5 
-6.82646e-05 5.49993 5.5 
5.30504e-05 5.50005 5.5 
-8.11193e-05 5.49992 5.5 
-3.68337e-05 5.49996 5.5 
1.18715e-05 5.50001 5.5 
5.37721e-05 5.50005 5.5 
9.44679e-05 5.50009 5.5 
0.000112215 5.50011 5.5 
5.37409e-05 5.50005 5.5 
-7.06424e-05 5.49993 5.5 
-2.82433e-05 5.49997 5.5 
4.26113e-05 5.50004 5.5 
8.47126e-05 5.50008 5.5 
1.96667e-06 5.5 5.5 
-4.7832e-05 5.49995 5.5 
5.69052e-05 5.50006 5.5 
0.000131199 5.50013 5.5 
-2.80235e-05 5.49997 5.5 
-3.47058e-05 5.49997 5.5 
-2.29187e-05 5.49998 5.5 
-6.37124e-05 5.49994 5.5 
1.14653e-05 5.50001 5.5 
3.11141e-06 5.5 5.5 
-2.7671e-05 5.49997 5.5 
0.000169813 5.50017 5.5 
0.00010402 5.5001 5.5 
1.56132e-05 5.50002 5.5 
-1.85212e-05 5.49998 5.5 
-2.53729e-05 5.49997 5.5 
0.000108693 5.50011 5.5 
-1.02893e-06 5.5 5.5 
-9.18788e-05 5.49991 5.5 
2.22499e-05 5.50002 5.5 
-4.69395e-05 5.49995 5.5 
-7.27191e-05 5.49993 5.5 
-0.000110541 5.49989 5.5 
-3.3358e-05 5.49997 5.5 
-3.66109e-05 5.49996 5.5 
-1.29969e-05 5.49999 5.5 
-0.000158242 5.49984 5.5 
-0.000128318 5.49987 5.5 
3.73708e-05 5.50004 5.5 
-2.99428e-05 5.49997 5.5 
-4.71455e-05 5.49995 5.5 
0.00012981 5.50013 5.5 
-0.000117269 5.49988 5.5 
2.0964e-05 5.50002 5.5 
-2.53274e-05 5.49997 5.5 
-1.70949e-05 5.49998 5.5 
-6.99133e-05 5.49993 5.5 
7.08759e-05 5.50007 5.5 
-4.78051e-05 5.49995 5.5 
-6.76056e-05 5.49993 5.5 
5.6409e-05 5.50006 5.5 
9.40998e-05 5.50009 5.5 
-6.81303e-05 5.49993 5.5 
-8.30008e-05 5.49992 5.5 
-1.83395e-05 5.49998 5.5 
7.84889e-06 5.50001 5.5 
-2.05133e-05 5.49998 5.5 
-6.70393e-05 5.49993 5.5 
-5.8894e-06 5.49999 5.5 
-0.000156683 5.49984 5.5 
-3.20804e-05 5.49997 5.5 
-6.17218e-06 5.49999 5.5 
0.000105572 5.50011 5.5 
3.35612e-05 5.50003 5.5 
4.86223e-05 5.50005 5.5 
-2.33276e-05 5.49998 5.5 
-6.2949e-05 5.49994 5.5 
5.7398e-05 5.50006 5.5 
-2.97255e-05 5.49997 5.5 
-1.4177e-05 5.49999 5.5 
0.000108864 5.50011 5.5 
4.52749e-05 5.50005 5.5 
-3.90359e-05 5.49996 5.5 
0.00015836 5.50016 5.5 
-6.29397e-05 5.49994 5.5 
-1.31258e-05 5.49999 5.5 
-1.52894e-05 5.49998 5.5 
4.49255e-05 5.50004 5.5 
-7.85276e-05 5.49992 5.5 
-5.62795e-05 5.49994 5.5 
-4.66116e-05 5.49995 5.5 
0.000201261 5.5002 5.5 
-6.27599e-05 5.49994 5.5 
-1.81038e-05 5.49998 5.5 
0.000192906 5.50019 5.5 
0.000183159 5.50018 5.5 
2.35758e-05 5.50002 5.5 
9.04154e-05 5.50009 5.5 
5.44681e-05 5.50005 5.5 
-4.52074e-05 5.49995 5.5 
2.77606e-05 5.50003 5.5 
2.42342e-05 5.50002 5.5 
2.36914e-05 5.50002 5.5 
9.64731e-05 5.5001 5.5 
9.54851e-05 5.5001 5.5 
9.30744e-05 5.50009 5.5 
-3.02857e-05 5.49997 5.5 
1.794e-05 5.50002 5.5 
6.5299e-05 5.50007 5.5 
2.12295e-05 5.50002 5.5 
-5.94649e-05 5.49994 5.5 
5.38992e-05 5.50005 5.5 
-1.96176e-05 5.49998 5.5 
-0.000114919 5.49989 5.5 
4.97559e-05 5.50005 5.5 
6.53733e-06 5.50001 5.5 
7.16701e-05 5.50007 5.5 
-8.2369e-06 5.49999 5.5 
-0.000104206 5.4999 5.5 
6.86062e-05 5.50007 5.5 
0.000135042 5.50014 5.5 
-4.3957e-05 5.49996 5.5 
7.694e-05 5.50008 5.5 
1.21509e-05 5.50001 5.5 
-2.13781e-05 5.49998 5.5 
7.27327e-06 5.50001 5.5 
0.000117019 5.50012 5.5 
-0.000128632 5.49987 5.5 
7.66837e-06 5.50001 5.5 
4.67996e-06 5.5 5.5 
1.43638e-05 5.50001 5.5 
-8.26122e-05 5.49992 5.5 
4.57532e-05 5.50005 5.5 
7.60682e-05 5.50008 5.5 
3.54448e-05 5.50004 5.5 
1.87169e-05 5.50002 5.5 
1.01437e-05 5.50001 5.5 
-0.000112997 5.49989 5.5 
-2.72796e-06 5.5 5.5 
-3.77645e-05 5.49996 5.5 
0.000131204 5.50013 5.5 
3.58845e-05 5.50004 5.5 
4.47574e-05 5.50004 5.5 
-5.12011e-06 5.49999 5.5 
5.8129e-05 5.50006 5.5 
-0.000140206 5.49986 5.5 
-9.10645e-05 5.49991 5.5 
-7.89835e-06 5.49999 5.5 
-6.99983e-05 5.49993 5.5 
-0.000152229 5.49985 5.5 
2.759e-05 5.50003 5.5 
-0.000214357 5.49979 5.5 
-9.99201e-05 5.4999 5.5 
-4.0464e-05 5.49996 5.5 
4.35684e-05 5.50004 5.5 
-5.95614e-05 5.49994 5.5 
-8.44787e-05 5.49992 5.5 
3.30892e-05 5.50003 5.5 
-8.60836e-05 5.49991 5.5 
1.64266e-06 5.5 5.5 
-1.99244e-05 5.49998 5.5 
-3.86854e-05 5.49996 5.5 
9.8911e-06 5.50001 5.5 
-0.000123041 5.49988 5.5 
4.05962e-05 5.50004 5.5 
2.30593e-05 5.50002 5.5 
-7.37359e-05 5.49993 5.5 
-1.2667e-05 5.49999 5.5 
-9.41104e-05 5.49991 5.5 
8.11931e-05 5.50008 5.5 
6.54998e-05 5.50007 5.5 
-0.000112191 5.49989 5.5 
7.17269e-05 5.50007 5.5 
0.000120074 5.50012 5.5 
-0.000109408 5.49989 5.5 
1.711e-05 5.50002 5.5 
8.30391e-05 5.50008 5.5 
-1.43551e-05 5.49999 5.5 
-0.000114728 5.49989 5.5 
1.76618e-05 5.50002 5.5 
-9.2245e-05 5.49991 5.5 
4.71591e-05 5.50005 5.5 
0.000157132 5.50016 5.5 
0.000129635 5.50013 5.5 
-8.77585e-06 5.49999 5.5 
3.42087e-05 5.50003 5.5 
2.746e-06 5.5 5.5 
-0.000165926 5.49983 5.5 
1.72724e-05 5.50002 5.5 
-0.000101197 5.4999 5.5 
4.28514e-06 5.5 5.5 
-9.68824e-05 5.4999 5.5 
4.20989e-05 5.50004 5.5 
-4.10607e-05 5.49996 5.5 
0.000185361 5.50019 5.5 
0.00012946 5.50013 5.5 
0.000127757 5.50013 5.5 
-0.000191059 5.49981 5.5 
6.8802e-05 5.50007 5.5 
-8.37913e-05 5.49992 5.5 
1.5689e-05 5.50002 5.5 
3.35573e-05 5.50003 5.5 
4.40655e-05 5.50004 5.5 
-1.42079e-05 5.49999 5.5 
-5.93023e-05 5.49994 5.5 
4.01146e-05 5.50004 5.5 
-2.4659e-05 5.49998 5.5 
1.14989e-05 5.50001 5.5 
-1.95152e-05 5.49998 5.5 
-2.52124e-06 5.5 5.5 
9.59296e-05 5.5001 5.5 
-0.000161445 5.49984 5.5 
-6.87275e-05 5.49993 5.5 
-4.65191e-06 5.5 5.5 
-8.68879e-05 5.49991 5.5 
-6.79976e-05 5.49993 5.5 
2.12161e-05 5.50002 5.5 
1.97081e-05 5.50002 5.5 
-1.19777e-05 5.49999 5.5 
-0.00029118 5.49971 5.5 
0.000118193 5.50012 5.5 
3.46399e-05 5.50003 5.5 
-7.37221e-05 5.49993 5.5 
-7.85401e-05 5.49992 5.5 
-7.54466e-05 5.49992 5.5 
0.000148816 5.50015 5.5 
7.90293e-05 5.50008 5.5 
-5.12197e-05 5.49995 5.5 
-8.08592e-05 5.49992 5.5 
2.91274e-05 5.50003 5.5 
2.71179e-05 5.50003 5.5 
6.39602e-05 5.50006 5.5 
0.000157877 5.50016 5.5 
2.49932e-05 5.50002 5.5 
5.74352e-05 5.50006 5.5 
-2.60281e-06 5.5 5.5 
1.23768e-05 5.50001 5.5 
8.33266e-05 5.50008 5.5 
0.000105571 5.50011 5.5 
-7.46713e-05 5.49993 5.5 
3.42154e-05 5.50003 5.5 
-8.5724e-05 5.49991 5.5 
7.5416e-05 5.50008 5.5 
3.07289e-05 5.50003 5.5 
-0.00016788 5.49983 5.5 
-0.000100743 5.4999 5.5 
0.000125018 5.50013 5.5 
5.97862e-05 5.50006 5.5 
5.82728e-05 5.50006 5.5 
1.26571e-05 5.50001 5.5 
1.73991e-05 5.50002 5.5 
-7.40517e-05 5.49993 5.5 
-8.41966e-05 5.49992 5.5 
6.25273e-05 5.50006 5.5 
-5.08219e-05 5.49995 5.5 
-5.5964e-05 5.49994 5.5 
-8.67402e-05 5.49991 5.5 
1.23117e-05 5.50001 5.5 
5.1845e-05 5.50005 5.5 
-3.19014e-05 5.49997 5.5 
-1.12798e-05 5.49999 5.5 
4.17344e-05 5.50004 5.5 
6.55462e-05 5.50007 5.5 
-0.000189781 5.49981 5.5 
-0.000108715 5.49989 5.5 
-2.08574e-05 5.49998 5.5 
2.70338e-05 5.50003 5.5 
-7.6246e-05 5.49992 5.5 
-9.02399e-05 5.49991 5.5 
8.42033e-05 5.50008 5.5 
-1.33902e-05 5.49999 5.5 
5.02167e-05 5.50005 5.5 
-1.63589e-05 5.49998 5.5 
-5.02465e-05 5.49995 5.5 
4.88698e-05 5.50005 5.5 
-0.000113793 5.49989 5.5 
6.94947e-05 5.50007 5.5 
-2.82542e-05 5.49997 5.5 
8.31869e-05 5.50008 5.5 
-5.48689e-06 5.49999 5.5 
-1.62913e-05 5.49998 5.5 
-7.37005e-05 5.49993 5.5 
-0.000120948 5.49988 5.5 
3.03717e-05 5.50003 5.5 
3.68418e-05 5.50004 5.5 
7.47179e-05 5.50007 5.5 
8.30947e-06 5.50001 5.5 
0.000102866 5.5001 5.5 
-2.36442e-05 5.49998 5.5 
-6.47993e-05 5.49994 5.5 
3.66589e-05 5.50004 5.5 
2.28401e-05 5.50002 5.5 
3.94994e-05 5.50004 5.5 
2.50961e-05 5.50003 5.5 
-4.47937e-05 5.49996 5.5 
4.55535e-05 5.50005 5.5 
4.27416e-06 5.5 5.5 
0.000112572 5.50011 5.5 
4.72743e-05 5.50005 5.5 
2.22423e-05 5.50002 5.5 
2.72341e-05 5.50003 5.5 
-4.59517e-05 5.49995 5.5 
-7.24279e-05 5.49993 5.5 
3.50788e-05 5.50004 5.5 
-0.000141346 5.49986 5.5 
-2.31352e-05 5.49998 5.5 
7.29643e-05 5.50007 5.5 
-1.47642e-05 5.49999 5.5 
4.98239e-05 5.50005 5.5 
2.98362e-07 5.5 5.5 
-1.80611e-06 5.5 5.5 
-1.46847e-05 5.49999 5.5 
-1.26079e-05 5.49999 5.5 
-1.08843e-05 5.49999 5.5 
-7.3844e-05 5.49993 5.5 
-5.34309e-05 5.49995 5.5 
-3.36721e-05 5.49997 5.5 
1.73414e-05 5.50002 5.5 
-0.000100499 5.4999 5.5 
-9.81963e-05 5.4999 5.5 
5.0377e-05 5.50005 5.5 
-2.75482e-05 5.49997 5.5 
7.85787e-06 5.50001 5.5 
-0.000112829 5.49989 5.5 
-2.31546e-05 5.49998 5.5 
0.000109735 5.50011 5.5 
-6.50689e-05 5.49993 5.5 
2.99921e-05 5.50003 5.5 
4.22112e-06 5.5 5.5 
-9.11987e-05 5.49991 5.5 
2.10849e-06 5.5 5.5 
-7.62922e-05 5.49992 5.5 
-7.02493e-06 5.49999 5.5 
0.000108025 5.50011 5.5 
-7.72843e-05 5.49992 5.5 
-3.77706e-05 5.49996 5.5 
5.85282e-05 5.50006 5.5 
-1.21105e-05 5.49999 5.5 
8.31692e-05 5.50008 5.5 
4.15477e-05 5.50004 5.5 
6.43813e-05 5.50006 5.5 
-5.42331e-05 5.49995 5.5 
-2.98855e-05 5.49997 5.5 
6.93237e-05 5.50007 5.5 
6.04999e-05 5.50006 5.5 
-1.55062e-06 5.5 5.5 
-5.03448e-05 5.49995 5.5 
0.000168504 5.50017 5.5 
0.000157093 5.50016 5.5 
-7.51555e-06 5.49999 5.5 
-4.96248e-05 5.49995 5.5 
-5.80598e-05 5.49994 5.5 
-1.80865e-05 5.49998 5.5 
-4.28457e-05 5.49996 5.5 
-7.07366e-05 5.49993 5.5 
1.92571e-05 5.50002 5.5 
-3.02353e-05 5.49997 5.5 
-7.4159e-05 5.49993 5.5 
4.1343e-06 5.5 5.5 
-7.71866e-05 5.49992 5.5 
0.000100766 5.5001 5.5 
-0.00011608 5.49988 5.5 
5.28759e-05 5.50005 5.5 
-0.000138927 5.49986 5.5 
-6.7339e-05 5.49993 5.5 
-4.40071e-05 5.49996 5.5 
-3.15822e-05 5.49997 5.5 
-9.64198e-06 5.49999 5.5 
-0.000119068 5.49988 5.5 
2.36043e-05 5.50002 5.5 
-6.24475e-05 5.49994 5.5 
-4.82349e-05 5.49995 5.5 
0.000154372 5.50015 5.5 
0.00010088 5.5001 5.5 
4.38651e-05 5.50004 5.5 
1.07679e-06 5.5 5.5 
-3.95975e-05 5.49996 5.5 
8.16542e-05 5.50008 5.5 
-2.18832e-05 5.49998 5.5 
8.43744e-05 5.50008 5.5 
-1.10146e-06 5.5 5.5 
-2.23288e-05 5.49998 5.5 
0.000202176 5.5002 5.5 
-0.000151842 5.49985 5.5 
-3.84995e-06 5.5 5.5 
0.000178681 5.50018 5.5 
-0.000125534 5.49987 5.5 
-7.15566e-05 5.49993 5.5 
1.95057e-06 5.5 5.5 
-2.2929e-05 5.49998 5.5 
-6.2882e-05 5.49994 5.5 
4.9822e-05 5.50005 5.5 
3.49932e-05 5.50003 5.5 
2.16317e-05 5.50002 5.5 
-2.82629e-05 5.49997 5.5 
2.74751e-06 5.5 5.5 
6.73974e-05 5.50007 5.5 
1.78476e-05 5.50002 5.5 
2.84753e-05 5.50003 5.5 
1.37757e-05 5.50001 5.5 
5.43438e-05 5.50005 5.5 
-2.13858e-05 5.49998 5.5 
5.80311e-05 5.50006 5.5 
9.35068e-05 5.50009 5.5 
6.86165e-05 5.50007 5.5 
-6.89302e-05 5.49993 5.5 
-4.17099e-05 5.49996 5.5 
-7.05624e-05 5.49993 5.5 
3.14201e-05 5.50003 5.5 
-8.00246e-06 5.49999 5.5 
2.5487e-05 5.50003 5.5 
-2.50208e-05 5.49997 5.5 
-1.34824e-05 5.49999 5.5 
3.56961e-05 5.50004 5.5 
-3.27535e-05 5.49997 5.5 
0.000107665 5.50011 5.5 
-2.55575e-05 5.49997 5.5 
-7.89617e-05 5.49992 5.5 
0.000226325 5.50023 5.5 
3.00583e-05 5.50003 5.5 
0.000127605 5.50013 5.5 
3.9389e-05 5.50004 5.5 
-0.000105116 5.49989 5.5 
5.06125e-05 5.50005 5.5 
7.68832e-05 5.50008 5.5 
-1.21429e-05 5.49999 5.5 
-3.79086e-05 5.49996 5.5 
4.58837e-05 5.50005 5.5 
-3.47564e-05 5.49997 5.5 
-0.000100399 5.4999 5.5 
-0.000121089 5.49988 5.5 
7.17037e-05 5.50007 5.5 
9.54206e-05 5.5001 5.5 
-3.46226e-05 5.49997 5.5 
6.2748e-05 5.50006 5.5 
9.18084e-05 5.50009 5.5 
0.000121825 5.50012 5.5 
8.40604e-05 5.50008 5.5 
7.82336e-05 5.50008 5.5 
4.45636e-05 5.50004 5.5 
3.33495e-05 5.50003 5.5 
-3.75741e-05 5.49996 5.5 
-0.000159417 5.49984 5.5 
0.000144891 5.50014 5.5 
-1.62851e-05 5.49998 5.5 
0.000228471 5.50023 5.5 
-8.50799e-05 5.49991 5.5 
0.000184644 5.50018 5.5 
8.19739e-05 5.50008 5.5 
-2.40662e-05 5.49998 5.5 
-0.000141726 5.49986 5.5 
1.57746e-05 5.50002 5.5 
-0.000175873 5.49982 5.5 
3.04607e-05 5.50003 5.5 
2.83966e-05 5.50003 5.5 
0.000139811 5.50014 5.5 
-4.64989e-05 5.49995 5.5 
-3.42183e-06 5.5 5.5 
6.43397e-05 5.50006 5.5 
-2.86622e-05 5.49997 5.5 
5.94506e-05 5.50006 5.5 
1.08541e-05 5.50001 5.5 
7.31663e-05 5.50007 5.5 
-5.99445e-05 5.49994 5.5 
-5.46791e-05 5.49995 5.5 
7.50904e-05 5.50008 5.5 
9.36195e-05 5.50009 5.5 
-9.46506e-05 5.49991 5.5 
2.72793e-05 5.50003 5.5 
0.000108405 5.50011 5.5 
-0.00016405 5.49984 5.5 
-8.45976e-05 5.49992 5.5 
-5.64477e-05 5.49994 5.5 
-7.90379e-05 5.49992 5.5 
-6.96747e-05 5.49993 5.5 
-6.81015e-07 5.5 5.5 
-2.67367e-05 5.49997 5.5 
-4.14414e-05 5.49996 5.5 
-5.71234e-06 5.49999 5.5 
1.81256e-05 5.50002 5.5 
-6.75419e-05 5.49993 5.5 
-2.75809e-05 5.49997 5.5 
-0.000121244 5.49988 5.5 
-2.02419e-05 5.49998 5.5 
0.000160766 5.50016 5.5 
0.000186666 5.50019 5.5 
1.27451e-05 5.50001 5.5 
-6.09021e-05 5.49994 5.5 
-8.20703e-05 5.49992 5.5 
-0.00016951 5.49983 5.5 
3.71458e-05 5.50004 5.5 
-0.000153756 5.49985 5.5 
9.04064e-05 5.50009 5.5 
-0.000152375 5.49985 5.5 
-0.000212276 5.49979 5.5 
-6.53152e-05 5.49993 5.5 
-0.000118108 5.49988 5.5 
-4.32054e-05 5.49996 5.5 
2.57547e-05 5.50003 5.5 
5.37817e-05 5.50005 5.5 
9.69519e-05 5.5001 5.5 
-9.75695e-05 5.4999 5.5 
-0.000142185 5.49986 5.5 
-0.000154745 5.49985 5.5 
-6.90056e-06 5.49999 5.5 
9.59327e-05 5.5001 5.5 
-8.47165e-07 5.5 5.5 
-5.73579e-05 5.49994 5.5 
-2.4196e-06 5.5 5.5 
2.4133e-05 5.50002 5.5 
1.83066e-06 5.5 5.5 
-4.14243e-05 5.49996 5.5 
-8.16966e-05 5.49992 5.5 
-8.81548e-05 5.49991 5.5 
-3.99645e-05 5.49996 5.5 
-1.58771e-05 5.49998 5.5 
7.89736e-06 5.50001 5.5 
-5.20047e-05 5.49995 5.5 
0.00012058 5.50012 5.5 
-3.2901e-05 5.49997 5.5 
0.000241947 5.50024 5.5 
5.67676e-05 5.50006 5.5 
-0.000115066 5.49988 5.5 
0.000123096 5.50012 5.5 
8.91134e-06 5.50001 5.5 
3.21533e-05 5.50003 5.5 
-2.85124e-05 5.49997 5.5 
4.5561e-05 5.50005 5.5 
0.000130448 5.50013 5.5 
-9.2482e-06 5.49999 5.5 
-1.57058e-05 5.49998 5.5 
-8.68961e-05 5.49991 5.5 
5.00447e-05 5.50005 5.5 
-0.000104046 5.4999 5.5 
0.000111085 5.50011 5.5 
4.07075e-05 5.50004 5.5 
-6.54797e-05 5.49993 5.5 
8.76556e-07 5.5 5.5 
0.000144066 5.50014 5.5 
-8.18297e-06 5.49999 5.5 
2.36031e-07 5.5 5.5 
-3.56881e-05 5.49996 5.5 
-7.18929e-05 5.49993 5.5 
-9.22756e-05 5.49991 5.5 
-0.000112955 5.49989 5.5 
-4.24289e-05 5.49996 5.5 
0.000170181 5.50017 5.5 
0.000108505 5.50011 5.5 
0.000171019 5.50017 5.5 
-4.42224e-05 5.49996 5.5 
-0.000102284 5.4999 5.5 
-0.000237397 5.49976 5.5 
-3.72956e-06 5.5 5.5 
-1.01877e-05 5.49999 5.5 
5.28603e-05 5.50005 5.5 
2.94381e-05 5.50003 5.5 
8.99709e-05 5.50009 5.5 
-0.000171824 5.49983 5.5 
-5.52355e-05 5.49994 5.5 
-9.21055e-05 5.49991 5.5 
3.65661e-05 5.50004 5.5 
-5.89868e-05 5.49994 5.5 
-3.16972e-05 5.49997 5.5 
3.08155e-05 5.50003 5.5 
0.000100787 5.5001 5.5 
-8.2581e-07 5.5 5.5 
3.52621e-05 5.50004 5.5 
0.000114369 5.50011 5.5 
7.87771e-05 5.50008 5.5 
8.45096e-05 5.50008 5.5 
-6.18136e-05 5.49994 5.5 
-8.16352e-05 5.49992 5.5 
0.000155535 5.50016 5.5 
-0.000116874 5.49988 5.5 
4.30671e-05 5.50004 5.5 
-0.000189417 5.49981 5.5 
3.35753e-05 5.50003 5.5 
9.90101e-06 5.50001 5.5 
4.83124e-05 5.50005 5.5 
4.63873e-05 5.50005 5.5 
1.16235e-05 5.50001 5.5 
-7.88925e-05 5.49992 5.5 
-2.14309e-05 5.49998 5.5 
1.77208e-05 5.50002 5.5 
-1.72572e-05 5.49998 5.5 
-2.11471e-05 5.49998 5.5 
2.91331e-05 5.50003 5.5 
1.39782e-07 5.5 5.5 
-3.70993e-05 5.49996 5.5 
-9.41484e-06 5.49999 5.5 
-0.000172326 5.49983 5.5 
5.87594e-05 5.50006 5.5 
-7.00618e-05 5.49993 5.5 
-7.28995e-05 5.49993 5.5 
-7.30927e-05 5.49993 5.5 
0.000111704 5.50011 5.5 
-4.18458e-07 5.5 5.5 
3.40213e-05 5.50003 5.5 
-8.42512e-05 5.49992 5.5 
-0.000155015 5.49984 5.5 
-7.93114e-05 5.49992 5.5 
5.79575e-05 5.50006 5.5 
4.35209e-05 5.50004 5.5 
0.000103087 5.5001 5.5 
3.27159e-05 5.50003 5.5 
7.61483e-05 5.50008 5.5 
-7.71014e-05 5.49992 5.5 
-0.000109534 5.49989 5.5 
-5.03079e-05 5.49995 5.5 
-1.4073e-06 5.5 5.5 
-7.48371e-05 5.49993 5.5 
9.92416e-05 5.5001 5.5 
-5.82536e-06 5.49999 5.5 
-5.33507e-06 5.49999 5.5 
4.44296e-05 5.50004 5.5 
1.42363e-05 5.50001 5.5 
2.34092e-05 5.50002 5.5 
-4.25174e-05 5.49996 5.5 
2.69996e-05 5.50003 5.5 
2.44184e-05 5.50002 5.5 
-5.56381e-05 5.49994 5.5 
-4.10081e-05 5.49996 5.5 
5.10633e-05 5.50005 5.5 
-9.57956e-05 5.4999 5.5 
-5.35224e-05 5.49995 5.5 
1.15851e-05 5.50001 5.5 
5.08708e-06 5.50001 5.5 
3.91262e-06 5.5 5.5 
-8.02546e-05 5.49992 5.5 
9.75575e-05 5.5001 5.5 
2.90674e-05 5.50003 5.5 
-0.000173505 5.49983 5.5 
4.33233e-05 5.50004 5.5 
9.13228e-06 5.50001 5.5 
-7.86661e-05 5.49992 5.5 
-2.67746e-05 5.49997 5.5 
-7.34292e-05 5.49993 5.5 
-7.99546e-06 5.49999 5.5 
0.000100682 5.5001 5.5 
-0.000127729 5.49987 5.5 
-9.38408e-05 5.49991 5.5 
1.10587e-05 5.50001 5.5 
6.20179e-05 5.50006 5.5 
-2.79712e-06 5.5 5.5 
-6.63284e-05 5.49993 5.5 
-9.87715e-05 5.4999 5.5 
-9.11317e-05 5.49991 5.5 
2.54753e-05 5.50003 5.5 
8.08524e-05 5.50008 5.5 
-0.000144205 5.49986 5.5 
5.72455e-05 5.50006 5.5 
4.03017e-05 5.50004 5.5 
0.000101185 5.5001 5.5 
3.46634e-05 5.50003 5.5 
3.3487e-06 5.5 5.5 
-9.57854e-05 5.4999 5.5 
0.000116645 5.50012 5.5 
2.92291e-05 5.50003 5.5 
-2.57195e-05 5.49997 5.5 
1.2378e-06 5.5 5.5 
0.000151023 5.50015 5.5 
5.85199e-05 5.50006 5.5 
-2.28982e-06 5.5 5.5 
0.000131479 5.50013 5.5 
3.20382e-05 5.50003 5.5 
3.83459e-05 5.50004 5.5 
0.000123251 5.50012 5.5 
-2.34922e-05 5.49998 5.5 
1.79296e-05 5.50002 5.5 
-7.63117e-05 5.49992 5.5 
0.000134845 5.50013 5.5 
-4.70642e-05 5.49995 5.5 
-8.4847e-05 5.49992 5.5 
5.01676e-05 5.50005 5.5 
9.24022e-05 5.50009 5.5 
4.18831e-05 5.50004 5.5 
-2.55396e-05 5.49997 5.5 
-6.347e-05 5.49994 5.5 
0.000105992 5.50011 5.5 
6.70343e-05 5.50007 5.5 
2.53333e-06 5.5 5.5 
0.000142536 5.50014 5.5 
-5.58369e-05 5.49994 5.5 
6.21073e-05 5.50006 5.5 
0.000110019 5.50011 5.5 
-7.38747e-05 5.49993 5.5 
-3.64493e-05 5.49996 5.5 
3.91116e-05 5.50004 5.5 
6.2271e-06 5.50001 5.5 
5.70743e-05 5.50006 5.5 
-4.3295e-05 5.49996 5.5 
9.99157e-05 5.5001 5.5 
-6.38845e-05 5.49994 5.5 
-6.34033e-05 5.49994 5.5 
-7.1146e-05 5.49993 5.5 
-2.89535e-06 5.5 5.5 
7.63966e-05 5.50008 5.5 
7.89869e-05 5.50008 5.5 
-5.81625e-05 5.49994 5.5 
1.11508e-05 5.50001 5.5 
4.0464e-05 5.50004 5.5 
-5.50999e-05 5.49994 5.5 
-8.92964e-05 5.49991 5.5 
-2.19444e-05 5.49998 5.5 
-9.71287e-06 5.49999 5.5 
2.33074e-05 5.50002 5.5 
1.96767e-05 5.50002 5.5 
-3.21779e-05 5.49997 5.5 
-6.33113e-05 5.49994 5.5 
4.4532e-05 5.50004 5.5 
3.5028e-05 5.50004 5.5 
8.3071e-05 5.50008 5.5 
6.31067e-05 5.50006 5.5 
-2.615e-06 5.5 5.5 
-5.2482e-05 5.49995 5.5 
-6.21335e-06 5.49999 5.5 
-4.80901e-05 5.49995 5.5 
-3.63277e-05 5.49996 5.5 
-0.00016395 5.49984 5.5 
6.54907e-05 5.50007 5.5 
-3.60581e-05 5.49996 5.5 
9.6107e-06 5.50001 5.5 
-0.00012834 5.49987 5.5 
-2.91827e-05 5.49997 5.5 
2.96082e-05 5.50003 5.5 
4.55797e-05 5.50005 5.5 
-3.52311e-05 5.49996 5.5 
-0.000124615 5.49988 5.5 
-6.83456e-05 5.49993 5.5 
4.22733e-05 5.50004 5.5 
1.93978e-05 5.50002 5.5 
0.000109033 5.50011 5.5 
-3.39308e-06 5.5 5.5 
3.75993e-05 5.50004 5.5 
5.90732e-05 5.50006 5.5 
-7.62334e-06 5.49999 5.5 
-4.52177e-05 5.49995 5.5 
-0.000117464 5.49988 5.5 
2.37223e-05 5.50002 5.5 
-2.74103e-05 5.49997 5.5 
-7.92027e-05 5.49992 5.5 
-0.00015771 5.49984 5.5 
-3.28234e-05 5.49997 5.5 
4.16569e-05 5.50004 5.5 
0.000114739 5.50011 5.5 
-1.14629e-05 5.49999 5.5 
8.13252e-06 5.50001 5.5 
-4.95544e-06 5.5 5.5 
8.35409e-05 5.50008 5.5 
0.000113062 5.50011 5.5 
-5.58731e-05 5.49994 5.5 
0.00010627 5.50011 5.5 
1.49979e-05 5.50001 5.5 
8.66071e-05 5.50009 5.5 
3.93743e-05 5.50004 5.5 
-1.78789e-05 5.49998 5.5 
5.3919e-06 5.50001 5.5 
0.000112393 5.50011 5.5 
4.44891e-05 5.50004 5.5 
8.19344e-06 5.50001 5.5 
0.000117318 5.50012 5.5 
3.76327e-06 5.5 5.5 
-3.00447e-05 5.49997 5.5 
4.56636e-05 5.50005 5.5 
0.000121374 5.50012 5.5 
1.10664e-05 5.50001 5.5 
-2.75224e-05 5.49997 5.5 
0.000152176 5.50015 5.5 
-4.75108e-05 5.49995 5.5 
-3.06897e-05 5.49997 5.5 
-7.54336e-05 5.49992 5.5 
-8.98706e-05 5.49991 5.5 
-0.000127167 5.49987 5.5 
1.74155e-05 5.50002 5.5 
-8.23809e-05 5.49992 5.5 
5.78862e-05 5.50006 5.5 
9.36081e-06 5.50001 5.5 
4.69591e-05 5.50005 5.5 
4.24758e-05 5.50004 5.5 
1.32776e-05 5.50001 5.5 
-5.50218e-05 5.49994 5.5 
-2.12439e-05 5.49998 5.5 
6.28153e-06 5.50001 5.5 
5.30926e-05 5.50005 5.5 
9.9933e-05 5.5001 5.5 
-1.4646e-06 5.5 5.5 
0.00017795 5.50018 5.5 
-8.40026e-05 5.49992 5.5 
-3.28788e-06 5.5 5.5 
8.84302e-05 5.50009 5.5 
6.2022e-05 5.50006 5.5 
-0.00011029 5.49989 5.5 
0.00012118 5.50012 5.5 
0.000204065 5.5002 5.5 
-3.67512e-05 5.49996 5.5 
-1.47159e-05 5.49999 5.5 
-1.29311e-05 5.49999 5.5 
-0.000111975 5.49989 5.5 
-1.38269e-05 5.49999 5.5 
0.000217067 5.50022 5.5 
-7.51399e-05 5.49992 5.5 
9.95389e-06 5.50001 5.5 
-6.33324e-05 5.49994 5.5 
-4.0464e-05 5.49996 5.5 
-6.89413e-05 5.49993 5.5 
7.07758e-05 5.50007 5.5 
-0.000168262 5.49983 5.5 
6.81972e-05 5.50007 5.5 
-0.000150508 5.49985 5.5 
1.69426e-06 5.5 5.5 
4.77738e-05 5.50005 5.5 
-6.90375e-05 5.49993 5.5 
7.84037e-05 5.50008 5.5 
1.9846e-05 5.50002 5.5 
0.000174432 5.50017 5.5 
-8.49569e-05 5.49992 5.5 
-3.62219e-05 5.49996 5.5 
-3.66911e-05 5.49996 5.5 
-9.49183e-05 5.49991 5.5 
-2.71569e-05 5.49997 5.5 
8.80206e-05 5.50009 5.5 
9.24184e-05 5.50009 5.5 
-5.02635e-05 5.49995 5.5 
7.78431e-06 5.50001 5.5 
1.81196e-05 5.50002 5.5 
0.000111743 5.50011 5.5 
-2.77486e-05 5.49997 5.5 
4.91487e-05 5.50005 5.5 
-7.13541e-05 5.49993 5.5 
4.6099e-05 5.50005 5.5 
-6.40776e-05 5.49994 5.5 
4.46449e-05 5.50004 5.5 
-8.32423e-05 5.49992 5.5 
4.13731e-05 5.50004 5.5 
6.66949e-05 5.50007 5.5 
5.05756e-05 5.50005 5.5 
9.79293e-05 5.5001 5.5 
-8.17303e-05 5.49992 5.5 
8.36902e-06 5.50001 5.5 
1.83405e-05 5.50002 5.5 
8.84109e-05 5.50009 5.5 
-1.87928e-05 5.49998 5.5 
-3.47752e-06 5.5 5.5 
-4.0905e-05 5.49996 5.5 
4.68634e-05 5.50005 5.5 
2.64426e-05 5.50003 5.5 
-0.000123603 5.49988 5.5 
3.70308e-05 5.50004 5.5 
-0.000103589 5.4999 5.5 
1.31716e-05 5.50001 5.5 
-0.000103569 5.4999 5.5 
2.55729e-06 5.5 5.5 
-0.000122031 5.49988 5.5 
6.76741e-05 5.50007 5.5 
-0.000132537 5.49987 5.5 
0.00017528 5.50018 5.5 
-5.63485e-05 5.49994 5.5 
-0.000138987 5.49986 5.5 
4.86765e-06 5.5 5.5 
-0.000103648 5.4999 5.5 
4.9737e-05 5.50005 5.5 
-0.000111032 5.49989 5.5 
1.20806e-05 5.50001 5.5 
-2.7102e-06 5.5 5.5 
6.78392e-05 5.50007 5.5 
5.84466e-05 5.50006 5.5 
-8.14233e-05 5.49992 5.5 
-1.74214e-05 5.49998 5.5 
4.57843e-06 5.5 5.5 
5.09729e-05 5.50005 5.5 
0.000105477 5.50011 5.5 
-2.98559e-05 5.49997 5.5 
-3.30676e-06 5.5 5.5 
-5.7394e-05 5.49994 5.5 
0.000134397 5.50013 5.5 
-3.32269e-05 5.49997 5.5 
-9.20806e-05 5.49991 5.5 
-0.000122513 5.49988 5.5 
-1.71778e-05 5.49998 5.5 
-8.10868e-05 5.49992 5.5 
-3.36768e-05 5.49997 5.5 
0.000179739 5.50018 5.5 
9.74442e-07 5.5 5.5 
-2.60294e-05 5.49997 5.5 
-1.43999e-05 5.49999 5.5 
2.67557e-05 5.50003 5.5 
-1.30701e-06 5.5 5.5 
0.000181794 5.50018 5.5 
-3.95388e-05 5.49996 5.5 
-6.72331e-05 5.49993 5.5 
3.63333e-05 5.50004 5.5 
-8.73851e-05 5.49991 5.5 
7.38342e-05 5.50007 5.5 
4.49537e-06 5.5 5.5 
-1.49033e-06 5.5 5.5 
-0.000186544 5.49981 5.5 
4.33762e-06 5.5 5.5 
-9.86915e-05 5.4999 5.5 
5.18566e-05 5.50005 5.5 
-2.31609e-05 5.49998 5.5 
-4.4374e-05 5.49996 5.5 
-9.97355e-05 5.4999 5.5 
-7.51569e-05 5.49992 5.5 
0.000109477 5.50011 5.5 
-4.73805e-05 5.49995 5.5 
2.41671e-06 5.5 5.5 
0.00026388 5.50026 5.5 
-3.96382e-05 5.49996 5.5 
4.66324e-06 5.5 5.5 
-1.02925e-05 5.49999 5.5 
3.58822e-05 5.50004 5.5 
-0.000160417 5.49984 5.5 
-0.00018964 5.49981 5.5 
-7.38876e-05 5.49993 5.5 
0.000142165 5.50014 5.5 
-3.44511e-05 5.49997 5.5 
2.08365e-05 5.50002 5.5 
8.15304e-05 5.50008 5.5 
-7.4298e-05 5.49993 5.5 
-3.71774e-05 5.49996 5.5 
7.44012e-05 5.50007 5.5 
8.59518e-05 5.50009 5.5 
-0.000114176 5.49989 5.5 
-5.29493e-05 5.49995 5.5 
5.12879e-05 5.50005 5.5 
-2.59073e-05 5.49997 5.5 
-3.62423e-05 5.49996 5.5 
5.70664e-06 5.50001 5.5 
-2.55274e-05 5.49997 5.5 
0.000215058 5.50022 5.5 
8.0898e-05 5.50008 5.5 
6.26658e-05 5.50006 5.5 
-3.6675e-05 5.49996 5.5 
-1.22739e-05 5.49999 5.5 
-8.34198e-05 5.49992 5.5 
5.90383e-05 5.50006 5.5 
5.81258e-05 5.50006 5.5 
-3.30123e-05 5.49997 5.5 
-3.90295e-05 5.49996 5.5 
1.4536e-05 5.50001 5.5 
-8.4747e-06 5.49999 5.5 
-3.70584e-05 5.49996 5.5 
4.75635e-05 5.50005 5.5 
2.79447e-05 5.50003 5.5 
0.000137461 5.50014 5.5 
1.61054e-05 5.50002 5.5 
3.59917e-05 5.50004 5.5 
-6.60072e-05 5.49993 5.5 
-2.90041e-05 5.49997 5.5 
5.23755e-05 5.50005 5.5 
2.56842e-05 5.50003 5.5 
-7.22596e-05 5.49993 5.5 
4.43925e-05 5.50004 5.5 
-5.09196e-05 5.49995 5.5 
-9.57167e-05 5.4999 5.5 
1.04206e-05 5.50001 5.5 
7.11912e-05 5.50007 5.5 
-6.90604e-05 5.49993 5.5 
-8.48044e-05 5.49992 5.5 
-6.63303e-05 5.49993 5.5 
-3.01409e-06 5.5 5.5 
-9.22301e-05 5.49991 5.5 
-7.72463e-05 5.49992 5.5 
4.43e-06 5.5 5.5 
-4.33221e-05 5.49996 5.5 
-2.71572e-06 5.5 5.5 
-5.60746e-06 5.49999 5.5 
-6.82093e-05 5.49993 5.5 
-2.22895e-05 5.49998 5.5 
8.46007e-06 5.50001 5.5 
-0.000136968 5.49986 5.5 
1.89465e-05 5.50002 5.5 
4.42658e-05 5.50004 5.5 
-1.36192e-05 5.49999 5.5 
4.23428e-05 5.50004 5.5 
7.70598e-05 5.50008 5.5 
2.4801e-05 5.50002 5.5 
2.98135e-05 5.50003 5.5 
-1.17715e-05 5.49999 5.5 
-2.07073e-06 5.5 5.5 
-1.63785e-05 5.49998 5.5 
-3.88975e-06 5.5 5.5 
-2.76386e-05 5.49997 5.5 
-0.000100842 5.4999 5.5 
-0.000142361 5.49986 5.5 
2.87538e-05 5.50003 5.5 
-0.000131073 5.49987 5.5 
-7.3307e-05 5.49993 5.5 
1.58948e-06 5.5 5.5 
-8.0731e-05 5.49992 5.5 
6.8853e-05 5.50007 5.5 
-8.8758e-05 5.49991 5.5 
6.92871e-05 5.50007 5.5 
0.000142182 5.50014 5.5 
6.56916e-05 5.50007 5.5 
9.46572e-05 5.50009 5.5 
-2.46907e-05 5.49998 5.5 
-3.5377e-05 5.49996 5.5 
-1.68259e-05 5.49998 5.5 
-3.16898e-05 5.49997 5.5 
5.4869e-05 5.50005 5.5 
-3.63692e-05 5.49996 5.5 
3.94311e-06 5.5 5.5 
0.000125163 5.50013 5.5 
-0.000115187 5.49988 5.5 
9.89017e-05 5.5001 5.5 
-3.25643e-05 5.49997 5.5 
-3.50649e-05 5.49996 5.5 
9.84444e-05 5.5001 5.5 
6.23151e-05 5.50006 5.5 
-7.77488e-05 5.49992 5.5 
-4.47142e-05 5.49996 5.5 
7.72168e-06 5.50001 5.5 
-4.40132e-06 5.5 5.5 
-5.78675e-06 5.49999 5.5 
-3.41442e-05 5.49997 5.5 
-0.000110818 5.49989 5.5 
9.20446e-06 5.50001 5.5 
1.2697e-05 5.50001 5.5 
-6.25455e-05 5.49994 5.5 
4.70893e-05 5.50005 5.5 
1.58143e-05 5.50002 5.5 
-4.92508e-05 5.49995 5.5 
-1.54094e-05 5.49998 5.5 
5.15828e-05 5.50005 5.5 
5.37543e-05 5.50005 5.5 
5.00957e-06 5.50001 5.5 
-0.000141427 5.49986 5.5 
8.08753e-05 5.50008 5.5 
7.72844e-05 5.50008 5.5 
0.000105667 5.50011 5.5 
-5.23032e-05 5.49995 5.5 
8.54924e-05 5.50009 5.5 
2.44033e-05 5.50002 5.5 
4.41385e-05 5.50004 5.5 
-0.000130997 5.49987 5.5 
1.8687e-05 5.50002 5.5 
4.4152e-05 5.50004 5.5 
1.82287e-05 5.50002 5.5 
2.4406e-05 5.50002 5.5 
6.69488e-05 5.50007 5.5 
8.99582e-05 5.50009 5.5 
-0.000106329 5.49989 5.5 
-2.11832e-05 5.49998 5.5 
6.57167e-05 5.50007 5.5 
-5.56545e-05 5.49994 5.5 
4.4225e-05 5.50004 5.5 
4.12915e-05 5.50004 5.5 
6.49798e-05 5.50006 5.5 
9.07538e-05 5.50009 5.5 
-5.3687e-05 5.49995 5.5 
-4.83166e-05 5.49995 5.5 
4.46079e-05 5.50004 5.5 
0.000147983 5.50015 5.5 
-7.4593e-05 5.49993 5.5 
3.11394e-05 5.50003 5.5 
6.60882e-05 5.50007 5.5 
-4.79984e-05 5.49995 5.5 
-6.72139e-05 5.49993 5.5 
-1.01921e-05 5.49999 5.5 
0.00022221 5.50022 5.5 
4.33975e-05 5.50004 5.5 
3.24149e-05 5.50003 5.5 
-2.34671e-05 5.49998 5.5 
-0.000108475 5.49989 5.5 
0.000144066 5.50014 5.5 
-3.78701e-05 5.49996 5.5 
-3.41567e-05 5.49997 5.5 
4.10687e-05 5.50004 5.5 
-8.29683e-05 5.49992 5.5 
-6.35181e-05 5.49994 5.5 
0.000112917 5.50011 5.5 
-0.000111375 5.49989 5.5 
3.00975e-05 5.50003 5.5 
-2.84071e-05 5.49997 5.5 
0.000130631 5.50013 5.5 
-2.84073e-05 5.49997 5.5 
7.48108e-05 5.50007 5.5 
-0.000127605 5.49987 5.5 
0.000146125 5.50015 5.5 
7.14391e-05 5.50007 5.5 
-2.97863e-05 5.49997 5.5 
1.40747e-05 5.50001 5.5 
-4.50847e-05 5.49995 5.5 
-6.09992e-05 5.49994 5.5 
4.9227e-05 5.50005 5.5 
-5.73094e-07 5.5 5.5 
-6.10717e-05 5.49994 5.5 
-1.42994e-05 5.49999 5.5 
-0.000155934 5.49984 5.5 
3.01847e-05 5.50003 5.5 
-3.15256e-05 5.49997 5.5 
-3.20125e-05 5.49997 5.5 
1.77681e-05 5.50002 5.5 
9.44198e-05 5.50009 5.5 
0.000118614 5.50012 5.5 
-0.00016944 5.49983 5.5 
-1.78941e-05 5.49998 5.5 
3.23681e-05 5.50003 5.5 
9.84076e-05 5.5001 5.5 
-4.62486e-05 5.49995 5.5 
-4.27541e-05 5.49996 5.5 
-0.000107924 5.49989 5.5 
4.43924e-05 5.50004 5.5 
-0.000155211 5.49984 5.5 
6.20027e-06 5.50001 5.5 
7.54453e-06 5.50001 5.5 
-2.24788e-05 5.49998 5.5 
-2.39504e-05 5.49998 5.5 
-1.43845e-05 5.49999 5.5 
-6.183e-05 5.49994 5.5 
1.88724e-05 5.50002 5.5 
3.40217e-05 5.50003 5.5 
-6.77614e-05 5.49993 5.5 
-0.000114178 5.49989 5.5 
-2.08381e-05 5.49998 5.5 
0.000128994 5.50013 5.5 
-0.00012168 5.49988 5.5 
3.30519e-07 5.5 5.5 
-7.07264e-05 5.49993 5.5 
-7.68948e-07 5.5 5.5 
0.000147134 5.50015 5.5 
0.000165052 5.50017 5.5 
-0.000125005 5.49987 5.5 
-0.000133637 5.49987 5.5 
-2.99817e-05 5.49997 5.5 
6.71638e-05 5.50007 5.5 
0.000123449 5.50012 5.5 
3.60474e-05 5.50004 5.5 
-9.04071e-05 5.49991 5.5 
0.000199305 5.5002 5.5 
-8.09109e-05 5.49992 5.5 
5.58143e-05 5.50006 5.5 
-0.000123972 5.49988 5.5 
-5.18068e-05 5.49995 5.5 
-9.68457e-05 5.4999 5.5 
